Version 0.9.7
16
 4 2 53 77 128 0 1
 5 100 400 206 81 2 2
 1 80 272 206 81 8 4
 1 84 39 206 81 18 5
 3 1262 479 203 58 28 6
 0 283 1 877 276 37 7
 0 282 277 877 276 169 9
 0 1157 0 877 276 301 10
 0 1155 278 877 276 433 11
 0 282 552 877 276 565 12
 0 1156 552 877 276 697 13
 0 276 827 877 276 829 14
 0 1154 826 877 276 961 15
 1 59 512 206 81 1128 17
 3 1605 1006 203 58 1158 18
 3 1603 1095 203 58 1167 19
 0
320
 255 5 99 50 99 50 82 50 82 67 63 67 63 67 0 5 0 1
 255 5 95 283 95 283 82 283 82 106 63 106 63 106 0 4 0 1
 0 5 99 108 99 108 79 108 79 123 63 123 63 127 0 5 0 1
 0 5 95 341 95 341 74 341 74 166 63 166 63 166 0 4 0 1
 16744703 5 140 50 140 50 140 9 310 9 310 67 310 67 0 5 0 7
 12615935 5 159 50 159 50 159 14 323 14 323 67 323 67 0 5 0 7
 16744448 5 178 50 178 50 178 19 336 19 336 67 336 67 0 5 0 7
 16777088 5 197 50 197 50 197 24 349 24 349 67 349 67 0 5 0 7
 8453888 5 216 50 216 50 216 28 362 28 362 67 362 67 0 5 0 7
 8454016 5 235 50 235 50 235 33 375 33 375 67 375 67 0 5 0 7
 8454143 5 254 50 262 50 262 38 388 38 388 67 388 67 0 5 0 7
 8421631 5 273 50 273 50 273 43 401 43 401 67 401 67 0 5 0 7
 0 5 63 153 63 153 95 153 95 246 336 246 336 249 0 1 0 7
 255 5 63 80 102 80 102 259 336 259 336 262 336 262 0 1 0 7
 8388863 5 136 283 136 283 136 243 310 243 310 210 310 210 0 4 0 7
 4194432 5 155 283 155 283 155 248 323 248 323 210 323 210 0 4 0 7
 16744576 5 174 283 174 283 174 253 336 253 336 210 336 210 0 4 0 7
 8404992 5 193 283 193 283 193 258 349 258 349 210 349 210 0 4 0 7
 8421376 5 212 283 212 283 212 263 362 263 362 210 362 210 0 4 0 7
 65280 5 231 283 231 283 231 266 375 266 375 210 375 210 0 4 0 7
 4227327 5 250 283 250 283 250 271 388 271 388 210 388 210 0 4 0 7
 4210816 5 269 283 269 283 269 274 396 274 396 210 401 210 0 4 0 7
 255 5 622 210 622 210 622 210 622 262 622 262 622 262 0 7 0 7
 255 5 752 210 752 210 752 210 752 262 752 262 752 262 0 7 0 7
 0 5 622 67 622 67 622 67 622 15 622 15 622 15 0 7 0 7
 0 5 752 67 752 67 752 67 752 15 752 15 752 15 0 7 0 7
 0 5 609 67 609 67 609 67 609 15 609 15 609 15 0 7 0 7
 12632256 5 596 67 596 67 596 55 739 55 739 67 739 67 0 7 0 7
 8421631 5 401 80 401 80 401 73 648 73 648 67 648 67 0 7 0 7
 8454143 5 388 80 412 80 412 225 661 225 661 210 661 210 0 7 0 7
 8454016 5 375 80 415 80 415 224 596 224 596 210 596 210 0 7 0 7
 8453888 5 362 80 362 86 412 86 412 232 570 232 570 210 0 7 0 7
 16777088 5 349 80 349 80 349 84 778 84 778 67 778 67 0 7 0 7
 16744448 5 336 80 414 80 414 229 791 229 791 210 791 210 0 7 0 7
 12615935 5 323 80 420 80 420 254 726 254 726 210 726 210 0 7 0 7
 16744703 5 310 80 425 80 425 229 700 229 700 210 700 210 0 7 0 7
 8388672 5 661 67 661 67 661 52 1090 52 1090 67 1090 67 0 7 0 7
 8388672 5 635 210 682 210 682 55 1077 55 1077 67 1077 67 0 7 0 7
 8388672 5 583 210 583 223 682 223 682 52 1064 52 1064 67 0 7 0 7
 8388672 5 583 67 583 67 583 52 1051 52 1051 67 1051 67 0 7 0 7
 8388672 5 791 67 791 67 791 56 1038 56 1038 67 1038 67 0 7 0 7
 8388672 5 765 210 765 231 819 231 819 55 1025 55 1025 67 0 7 0 7
 8388672 5 713 210 713 230 819 230 819 58 1012 58 1012 67 0 7 0 7
 8388672 5 713 67 713 67 713 55 999 55 999 67 999 67 0 7 0 7
 4210816 5 401 197 414 197 414 56 635 56 635 67 635 67 0 7 0 7
 4227327 5 388 197 417 197 417 235 648 235 648 210 648 210 0 7 0 7
 8388863 5 310 197 310 198 681 198 681 56 700 56 700 67 0 7 0 7
 4194432 5 323 197 416 197 416 230 739 230 739 210 739 210 0 7 0 7
 16744576 5 336 197 421 197 421 233 778 233 778 210 778 210 0 7 0 7
 8404992 5 349 197 349 197 416 197 416 49 765 49 765 67 0 7 0 7
 8421376 5 570 67 570 67 570 40 411 40 411 197 362 197 0 7 0 7
 65280 5 609 210 609 210 609 233 424 233 424 197 375 197 0 7 0 7
 8388672 5 726 67 726 67 726 54 986 54 986 67 986 67 0 7 0 7
 255 5 491 343 491 343 491 343 491 304 491 304 491 304 0 9 0 9
 255 5 634 343 634 343 634 343 634 304 634 304 634 304 0 9 0 9
 0 5 569 486 569 486 569 486 569 525 569 525 569 525 0 9 0 9
 0 5 712 486 712 486 712 486 712 525 712 525 712 525 0 9 0 9
 8388863 5 310 184 301 184 301 493 491 493 491 486 491 486 0 7 0 9
 4194432 5 323 184 318 184 318 493 517 493 517 486 517 486 0 7 0 9
 16744576 5 336 184 330 184 330 496 543 496 543 486 543 486 0 7 0 9
 8404992 5 349 184 344 184 344 498 634 498 634 486 634 486 0 7 0 9
 8421376 5 362 184 358 184 358 500 660 500 660 486 660 486 0 7 0 9
 65280 5 375 184 369 184 369 505 686 505 686 486 686 486 0 7 0 9
 4227327 5 388 184 383 184 383 507 751 507 751 486 751 486 0 7 0 9
 4210816 5 401 184 386 184 386 513 777 513 777 486 777 486 0 7 0 9
 16744703 5 310 93 300 93 300 333 504 333 504 343 504 343 0 7 0 9
 12615935 5 323 93 326 93 326 330 530 330 530 343 530 343 0 7 0 9
 16744448 5 336 93 340 93 340 326 556 326 556 343 556 343 0 7 0 9
 16777088 5 349 93 356 93 356 323 647 323 647 343 647 343 0 7 0 9
 8453888 5 362 93 368 93 368 320 673 320 673 343 673 343 0 7 0 9
 8454016 5 375 93 392 93 392 316 699 316 699 343 699 343 0 7 0 9
 8454143 5 388 93 394 93 394 314 764 314 764 343 764 343 0 7 0 9
 8421631 5 401 93 408 93 408 310 790 310 790 343 790 343 0 7 0 9
 255 5 751 343 751 343 751 343 751 304 751 304 751 304 0 9 0 9
 0 5 829 486 829 486 829 486 829 525 829 525 829 525 0 9 0 9
 255 5 1936 305 1936 305 1936 305 1936 539 1936 539 1936 539 0 11 0 11
 255 5 1925 27 1925 27 1925 27 1925 261 1925 261 1925 261 0 10 0 10
 0 5 1912 14 1912 14 1912 14 1912 248 1912 248 1912 248 0 10 0 10
 0 5 1923 292 1923 292 1923 292 1923 526 1923 526 1923 526 0 11 0 11
 255 5 1937 579 1937 579 1937 579 1937 813 1937 813 1937 813 0 13 0 13
 255 5 1935 853 1935 853 1935 853 1935 1087 1935 1087 1935 1087 0 15 0 15
 0 5 1924 566 1924 566 1924 566 1924 800 1924 800 1924 800 0 13 0 13
 0 5 1922 840 1922 840 1922 840 1922 1074 1922 1074 1922 1074 0 15 0 15
 0 5 1103 15 1103 15 1210 15 1210 15 1210 14 1210 14 0 7 0 10
 0 5 1103 249 1103 249 1210 249 1210 249 1210 248 1210 248 0 7 0 10
 0 5 1102 291 1102 291 1208 291 1208 291 1208 292 1208 292 0 9 0 11
 0 5 1102 525 1102 525 1208 525 1208 525 1208 526 1208 526 0 9 0 11
 0 5 1102 800 1102 800 1102 800 1209 800 1209 800 1209 800 0 12 0 13
 0 5 1096 1075 1096 1075 1096 1072 1207 1072 1207 1074 1207 1074 0 14 0 15
 255 5 1096 1088 1096 1088 1207 1088 1207 1088 1207 1087 1207 1087 0 14 0 15
 255 5 1102 813 1102 813 1102 813 1209 813 1209 813 1209 813 0 12 0 13
 255 5 1102 538 1102 538 1102 538 1208 538 1208 539 1208 539 0 9 0 11
 255 5 1102 304 1102 304 1208 304 1208 304 1208 305 1208 305 0 9 0 11
 255 5 1103 262 1103 262 1210 262 1210 262 1210 261 1210 261 0 7 0 10
 255 5 1103 28 1103 28 1210 28 1210 28 1210 27 1210 27 0 7 0 10
 255 5 1977 261 1977 261 1977 305 1977 305 1975 305 1975 305 0 10 0 11
 255 5 1975 539 1975 539 1975 579 1975 579 1976 579 1976 579 0 11 0 13
 255 5 1976 813 1976 813 1976 853 1976 853 1974 853 1974 853 0 13 0 15
 0 5 1964 248 1964 248 1964 292 1964 292 1962 292 1962 292 0 10 0 11
 0 5 1962 526 1962 526 1962 566 1962 566 1963 566 1963 566 0 11 0 13
 0 5 1963 800 1963 800 1963 840 1963 840 1961 840 1961 840 0 13 0 15
 8388863 5 310 171 310 171 304 171 304 709 309 709 309 709 0 7 0 12
 4194432 5 323 171 323 171 318 171 318 709 322 709 322 709 0 7 0 12
 16744576 5 336 171 336 171 330 171 330 709 335 709 335 709 0 7 0 12
 8404992 5 349 171 349 171 344 171 344 709 348 709 348 709 0 7 0 12
 8421376 5 362 171 362 171 357 171 357 709 361 709 361 709 0 7 0 12
 65280 5 375 171 375 171 369 171 369 709 374 709 374 709 0 7 0 12
 4227327 5 388 171 388 171 381 171 381 709 387 709 387 709 0 7 0 12
 4210816 5 401 171 401 171 392 171 392 709 400 709 400 709 0 7 0 12
 16744703 5 310 119 310 119 305 119 305 618 309 618 309 618 0 7 0 12
 12615935 5 323 119 323 119 317 119 317 618 322 618 322 618 0 7 0 12
 16744448 5 336 119 336 119 336 119 335 119 335 618 335 618 0 7 0 12
 16777088 5 349 119 349 119 355 119 355 618 348 618 348 618 0 7 0 12
 8453888 5 362 119 362 119 357 119 357 618 361 618 361 618 0 7 0 12
 8454016 5 375 119 375 119 369 119 369 618 374 618 374 618 0 7 0 12
 8454143 5 388 119 388 119 356 119 356 618 387 618 387 618 0 7 0 12
 8421631 5 401 119 401 119 393 119 393 618 400 618 400 618 0 7 0 12
 255 5 582 618 582 618 582 618 582 618 582 538 582 538 0 12 0 9
 0 5 595 618 595 618 595 618 595 525 595 525 595 525 0 12 0 9
 12632256 5 569 618 540 618 540 599 712 599 712 618 712 618 0 12 0 12
 8421631 5 400 631 400 631 400 637 621 637 621 631 621 631 0 12 0 12
 8454143 5 387 644 503 644 503 781 634 781 634 722 634 722 0 12 0 12
 8454016 5 374 657 497 657 497 789 569 789 569 722 569 722 0 12 0 12
 8453888 5 361 670 490 670 490 794 543 794 543 722 543 722 0 12 0 12
 128 5 790 447 790 448 903 448 903 657 608 657 608 657 0 9 0 12
 33023 5 764 460 764 454 886 454 886 728 621 728 621 735 0 9 0 12
 32768 5 699 473 699 466 895 466 895 742 582 742 582 748 0 9 0 12
 4227072 5 673 473 673 473 673 493 543 493 543 657 543 657 0 9 0 12
 16777088 5 348 631 348 631 348 602 751 602 751 631 751 631 0 12 0 12
 16744448 5 335 631 482 631 482 803 764 803 764 748 764 748 0 12 0 12
 12615935 5 322 631 290 631 290 826 699 826 699 761 699 761 0 12 0 12
 16744703 5 309 631 284 631 284 823 673 823 673 761 673 761 0 12 0 12
 0 5 725 618 725 618 725 618 725 525 725 525 725 525 0 12 0 9
 8404992 5 647 473 647 473 647 641 738 641 738 644 738 644 0 9 0 12
 16744576 5 556 473 556 473 878 473 878 722 751 722 751 722 0 9 0 12
 4194432 5 530 460 530 460 869 460 869 715 712 715 712 722 0 9 0 12
 8388863 5 504 473 504 473 507 473 507 608 673 608 673 618 0 9 0 12
 255 5 595 722 595 722 595 722 595 813 595 813 595 813 0 12 0 12
 255 5 725 722 725 722 725 722 725 813 725 813 725 813 0 12 0 12
 65793 5 719 893 719 893 714 893 714 800 712 800 712 800 0 14 0 12
 65793 5 589 893 589 893 584 893 584 800 582 800 582 800 0 14 0 12
 12632256 5 563 893 563 893 563 898 706 898 706 893 706 893 0 14 0 14
 255 5 576 893 576 893 576 893 576 813 569 813 569 813 0 14 0 12
 4210816 5 400 722 400 722 400 930 615 930 615 932 615 932 0 12 0 14
 4227327 5 387 722 387 722 387 1004 628 1004 628 997 628 997 0 12 0 14
 65280 5 374 722 374 722 374 1010 374 1010 563 1010 563 1010 0 12 0 14
 8421376 5 361 722 361 722 361 997 361 997 537 997 537 997 0 12 0 14
 8404992 5 348 722 348 722 348 923 745 923 745 932 745 932 0 12 0 14
 16744576 5 335 722 335 722 335 1017 758 1017 758 997 758 997 0 12 0 14
 4194432 5 322 722 322 722 322 1023 322 1023 693 1023 693 1023 0 12 0 14
 8388863 5 309 722 309 722 309 1031 667 1031 667 1036 667 1036 0 12 0 14
 8421631 5 803 343 803 343 1100 343 1100 883 602 883 602 906 0 9 0 14
 8454143 5 777 356 777 356 1089 356 1089 356 1089 735 1089 735 0 9 0 12
 8454143 5 1089 748 1090 748 1090 1004 615 1004 615 997 615 997 0 12 0 14
 8454016 5 712 369 712 369 712 364 1082 364 1082 735 1076 735 0 9 0 12
 255 5 589 1036 589 1036 589 1036 589 1088 589 1088 589 1088 0 14 0 14
 8454016 5 1076 748 1076 748 1076 1013 576 1013 576 997 576 997 0 12 0 14
 8453888 5 1063 748 1063 748 1063 881 537 881 537 919 537 919 0 12 0 14
 8453888 5 686 356 686 356 686 373 1068 373 1068 735 1063 735 0 9 0 12
 16777088 5 660 356 660 356 663 356 663 381 1050 381 1050 735 0 9 0 12
 16777088 5 1050 748 1050 748 1050 881 732 881 732 893 732 893 0 12 0 14
 16744448 5 569 343 608 343 608 387 1034 387 1034 735 1037 735 0 9 0 12
 16744448 5 1037 748 1037 748 1037 997 1037 997 745 997 745 997 0 12 0 14
 12615935 5 543 356 600 356 600 394 1028 394 1028 735 1024 735 0 9 0 12
 12615935 5 1024 748 1031 748 1031 989 706 989 706 997 706 997 0 12 0 14
 255 5 719 1036 719 1036 719 1036 719 1088 719 1088 719 1088 0 14 0 14
 16744703 5 517 356 517 356 426 356 426 356 426 735 426 735 0 9 0 12
 16744703 5 426 748 426 748 426 937 667 937 667 932 667 932 0 12 0 14
 8388863 5 310 158 310 158 310 253 1184 253 1184 209 1184 209 0 7 0 10
 4194432 5 323 158 323 158 323 238 1197 238 1197 209 1197 209 0 7 0 10
 16744576 5 336 158 336 158 336 264 1210 264 1210 209 1210 209 0 7 0 10
 8404992 5 349 158 349 158 349 240 1223 240 1223 209 1223 209 0 7 0 10
 8421376 5 362 158 362 158 362 240 1236 240 1236 209 1236 209 0 7 0 10
 65280 5 375 158 375 158 375 246 1249 246 1249 209 1249 209 0 7 0 10
 4227327 5 388 158 388 158 388 247 1262 247 1262 209 1262 209 0 7 0 10
 4210816 5 401 158 401 158 401 247 1275 247 1275 209 1275 209 0 7 0 10
 16744703 5 310 106 310 106 310 48 1184 48 1184 66 1184 66 0 7 0 10
 12615935 5 323 106 323 106 323 45 1197 45 1197 66 1197 66 0 7 0 10
 16744448 5 336 106 336 106 336 42 1210 42 1210 66 1210 66 0 7 0 10
 16777088 5 349 106 349 106 349 39 1223 39 1223 66 1223 66 0 7 0 10
 4259584 5 362 106 362 106 362 36 1236 36 1236 66 1236 66 0 7 0 10
 65408 5 375 106 375 106 375 35 1249 35 1249 66 1249 66 0 7 0 10
 8454143 5 388 106 388 106 388 33 1262 33 1262 66 1262 66 0 7 0 10
 8421631 5 401 106 401 106 401 28 1275 28 1275 66 1275 66 0 7 0 10
 0 5 1405 209 1405 209 1405 209 1405 248 1405 248 1405 248 0 10 0 10
 0 5 1535 209 1535 209 1536 209 1536 248 1535 248 1535 248 0 10 0 10
 255 5 1314 66 1314 66 1314 66 1314 27 1314 27 1314 27 0 10 0 10
 255 5 1444 66 1444 66 1444 66 1444 27 1444 27 1444 27 0 10 0 10
 8421631 5 1275 79 1275 79 1275 61 1392 61 1392 66 1392 66 0 10 0 10
 8454143 5 1262 79 1262 79 1262 73 1366 73 1366 66 1366 66 0 10 0 10
 8454016 5 1249 79 1249 79 1249 74 1353 74 1353 66 1353 66 0 10 0 10
 8453888 5 1236 79 1236 79 1236 74 1323 74 1323 66 1327 66 0 10 0 10
 16777088 5 1223 79 1223 79 1223 83 1522 83 1522 66 1522 66 0 10 0 10
 16744448 5 1496 66 1496 66 1496 84 1210 84 1210 79 1210 79 0 10 0 10
 12615935 5 1197 79 1197 79 1197 84 1483 84 1483 66 1483 66 0 10 0 10
 16744703 5 1184 79 1184 79 1457 79 1457 79 1457 66 1457 66 0 10 0 10
 4210816 5 1275 196 1275 196 1282 196 1282 57 1405 57 1405 66 0 10 0 10
 4227327 5 1262 196 1262 196 1277 196 1277 52 1379 52 1379 66 0 10 0 10
 65280 5 1340 66 1340 51 1276 51 1276 198 1249 198 1249 196 0 10 0 10
 8421376 5 1236 196 1236 196 1236 201 1314 201 1314 196 1314 196 0 10 0 10
 8404992 5 1223 196 1285 196 1285 53 1535 53 1535 66 1535 66 0 10 0 10
 16744576 5 1210 196 1210 202 1276 202 1276 55 1509 55 1509 66 0 10 0 10
 4194432 5 1197 196 1197 200 1281 200 1281 56 1470 56 1470 66 0 10 0 10
 8388863 5 1184 196 1184 196 1184 202 1444 202 1444 196 1444 196 0 10 0 10
 255 5 1574 66 1574 66 1574 66 1574 27 1574 27 1574 27 0 10 0 10
 255 5 1691 66 1691 66 1691 66 1691 27 1691 27 1691 27 0 10 0 10
 0 5 1652 209 1652 209 1652 209 1652 248 1652 248 1652 248 0 10 0 10
 0 5 1769 209 1769 209 1769 209 1769 248 1769 248 1769 248 0 10 0 10
 16711808 5 1392 209 1392 209 1392 223 1574 223 1574 209 1574 209 0 10 0 10
 16711808 5 1509 209 1509 209 1509 228 1587 228 1587 209 1587 209 0 10 0 10
 16776960 5 1600 209 1600 209 1600 224 1691 224 1691 209 1691 209 0 10 0 10
 16776960 5 1522 209 1522 209 1522 229 1704 229 1704 209 1704 209 0 10 0 10
 16776960 5 634 618 634 618 634 606 1011 606 1011 618 1011 618 0 12 0 12
 16776960 5 608 761 608 769 889 769 889 606 998 606 998 618 0 12 0 12
 16776960 5 556 761 556 767 888 767 888 609 985 609 985 618 0 12 0 12
 16776960 5 556 618 556 618 556 609 972 609 972 618 972 618 0 12 0 12
 16776960 5 764 618 764 618 764 603 959 603 959 618 959 618 0 12 0 12
 16776960 5 738 761 738 771 897 771 897 611 946 611 946 618 0 12 0 12
 16776960 5 686 761 686 773 887 773 887 607 933 607 933 618 0 12 0 12
 16776960 5 686 618 686 618 686 609 920 609 920 618 920 618 0 12 0 12
 65535 5 628 893 628 893 628 887 1005 887 1005 893 1005 893 0 14 0 14
 65535 5 602 997 649 997 649 885 992 885 992 893 992 893 0 14 0 14
 65535 5 550 997 550 1006 651 1006 651 882 979 882 979 893 0 14 0 14
 65535 5 550 893 550 893 550 887 966 887 966 893 966 893 0 14 0 14
 65535 5 758 893 758 893 758 881 953 881 953 893 953 893 0 14 0 14
 65535 5 732 1036 732 1036 804 1036 804 886 940 886 940 893 0 14 0 14
 65535 5 680 1036 680 1036 807 1036 807 884 927 884 927 893 0 14 0 14
 65535 5 680 893 680 893 680 884 914 884 914 893 914 893 0 14 0 14
 65535 5 1717 183 1717 183 1717 175 1821 175 1821 183 1821 183 0 10 0 10
 255 5 1259 892 1259 892 1259 892 1259 853 1259 853 1259 853 0 15 0 15
 255 5 1415 892 1415 892 1415 892 1415 853 1415 853 1415 853 0 15 0 15
 0 5 1350 1035 1350 1035 1350 1035 1350 1074 1350 1074 1350 1074 0 15 0 15
 0 5 1506 1035 1506 1035 1506 1035 1506 1074 1506 1074 1506 1074 0 15 0 15
 16776960 5 1428 905 1428 905 1428 910 1272 910 1272 905 1272 905 0 15 0 15
 0 5 1428 892 1428 892 1428 892 1428 840 1428 840 1428 840 0 15 0 15
 65535 5 1821 209 1988 209 1988 873 1571 873 1571 892 1571 892 0 10 0 15
 65535 5 1571 944 1571 944 1571 944 1571 983 1571 983 1571 983 0 15 0 15
 65535 5 1571 1022 1571 1022 1571 1028 1259 1028 1259 1022 1259 1022 0 15 0 15
 65535 5 1571 1009 1571 1009 1571 1015 1415 1015 1415 1009 1415 1009 0 15 0 15
 16512 5 1005 906 1004 906 1004 1063 1285 1063 1285 1035 1285 1035 0 14 0 15
 16512 5 992 906 1050 906 1050 1062 1324 1062 1324 1035 1324 1035 0 14 0 15
 16512 5 979 906 1041 906 1041 873 1337 873 1337 892 1337 892 0 14 0 15
 16512 5 972 644 1039 644 1039 877 1285 877 1285 892 1285 892 0 12 0 15
 16512 5 1298 892 1298 880 1043 880 1043 930 966 930 966 906 0 15 0 14
 64 5 959 644 1046 644 1046 1105 1427 1105 1427 1035 1428 1035 0 12 0 15
 64 5 953 906 956 906 956 1110 1441 1110 1441 1035 1441 1035 0 14 0 15
 64 5 946 644 1050 644 1050 1096 1469 1096 1469 1035 1467 1035 0 12 0 15
 64 5 940 906 941 906 941 1120 1480 1120 1480 1035 1480 1035 0 14 0 15
 64 5 1480 892 1480 879 1036 879 1036 630 933 630 933 644 0 15 0 12
 64 5 927 906 927 906 927 886 1493 886 1493 892 1493 892 0 14 0 15
 64 5 920 644 1033 644 1033 881 1448 881 1448 905 1441 905 0 12 0 15
 64 5 914 906 914 906 914 876 1454 876 1454 892 1454 892 0 14 0 15
 8421376 5 1298 1035 1298 1070 1583 1070 1583 883 1766 883 1766 892 0 15 0 15
 8421376 5 1337 1035 1583 1035 1583 883 1753 883 1753 892 1753 892 0 15 0 15
 8421376 5 1350 892 1350 892 1350 884 1740 884 1740 892 1740 892 0 15 0 15
 8421376 5 1311 892 1311 892 1311 885 1727 885 1727 892 1727 892 0 15 0 15
 8421376 5 1454 1035 1585 1035 1585 885 1714 885 1714 892 1714 892 0 15 0 15
 8421376 5 1493 1035 1493 1056 1582 1056 1582 882 1701 882 1701 892 0 15 0 15
 8421376 5 1506 892 1506 892 1506 878 1688 878 1688 892 1688 892 0 15 0 15
 8421376 5 1467 892 1467 892 1467 884 1675 884 1675 892 1675 892 0 15 0 15
 8388608 5 1261 631 1261 631 1261 637 1430 637 1430 631 1430 631 0 13 0 13
 8388608 5 1430 644 1430 644 1430 649 1586 649 1586 644 1586 644 0 13 0 13
 65793 5 1586 618 1586 618 1586 618 1586 566 1586 566 1586 566 0 13 0 13
 65793 5 1339 761 1339 761 1339 761 1339 800 1339 800 1339 800 0 13 0 13
 65793 5 1508 761 1508 761 1508 761 1508 800 1508 800 1508 800 0 13 0 13
 65793 5 1664 761 1664 761 1664 761 1664 800 1664 800 1664 800 0 13 0 13
 255 5 1248 618 1248 618 1248 618 1248 579 1248 579 1248 579 0 13 0 13
 255 5 1417 579 1417 579 1417 579 1417 618 1417 618 1417 618 0 13 0 13
 255 5 1573 618 1573 618 1573 618 1573 579 1573 579 1573 579 0 13 0 13
 65280 5 1821 196 1905 196 1905 776 1638 776 1638 761 1638 761 0 10 0 13
 255 5 1209 579 1209 579 1209 579 1102 579 1102 579 1102 579 0 13 0 12
 0 5 1209 566 1209 566 1209 566 1102 566 1102 566 1102 566 0 13 0 12
 0 5 348 566 295 566 295 589 74 589 74 581 74 581 0 12 0 17
 255 5 348 579 296 579 296 509 74 509 74 523 74 523 0 12 0 17
 8454143 5 248 549 272 549 272 826 1248 826 1248 761 1248 761 0 17 0 13
 8454143 5 248 536 275 536 275 824 1417 824 1417 761 1417 761 0 17 0 13
 8454143 5 248 523 280 523 280 825 1573 825 1573 761 1573 761 0 17 0 13
 33023 5 1766 905 1767 905 1767 816 1266 816 1266 761 1274 761 0 15 0 13
 33023 5 1753 905 1753 905 1753 821 1313 821 1313 761 1313 761 0 15 0 13
 33023 5 1727 905 1727 905 1727 589 1287 589 1287 618 1287 618 0 15 0 13
 33023 5 1714 905 1714 905 1714 818 1443 818 1443 761 1443 761 0 15 0 13
 33023 5 1701 905 1701 905 1701 819 1482 819 1482 761 1482 761 0 15 0 13
 33023 5 1688 905 1688 905 1688 608 1495 608 1495 618 1495 618 0 15 0 13
 33023 5 1740 905 1738 905 1738 600 1326 600 1326 618 1326 618 0 15 0 13
 33023 5 1675 905 1675 905 1675 595 1456 595 1456 618 1456 618 0 15 0 13
 64 5 1272 1035 1272 1087 1051 1087 1051 636 1011 636 1011 644 0 15 0 12
 64 5 998 644 998 644 1059 644 1059 1035 1311 1035 1311 1035 0 12 0 15
 64 5 985 644 985 644 985 880 1324 880 1324 892 1324 892 0 12 0 15
 65280 5 1090 80 1090 91 1181 91 1181 775 1261 775 1261 761 0 7 0 13
 8421376 5 1077 80 1174 80 1174 778 1300 778 1300 761 1300 761 0 7 0 13
 16776960 5 1064 80 1185 80 1185 598 1313 598 1313 618 1313 618 0 7 0 13
 12615680 5 1051 80 1189 80 1189 606 1274 606 1274 618 1274 618 0 7 0 13
 12615808 5 1038 80 1038 80 1184 80 1184 775 1430 775 1430 761 0 7 0 13
 16711935 5 1025 80 1189 80 1189 778 1469 778 1469 761 1469 761 0 7 0 13
 8388863 5 1012 80 1012 80 1193 80 1193 603 1482 603 1482 618 0 7 0 13
 16711808 5 999 80 999 80 1196 80 1196 618 1443 618 1443 618 0 7 0 13
 65535 5 1287 761 1287 761 1287 867 1896 867 1896 892 1896 892 0 13 0 15
 65535 5 1326 761 1326 761 1326 863 1883 863 1883 892 1883 892 0 13 0 15
 65535 5 1339 644 1339 644 1377 644 1377 862 1870 862 1870 892 0 13 0 15
 65535 5 1300 644 1370 644 1370 865 1857 865 1857 892 1857 892 0 13 0 15
 65535 5 1456 761 1456 761 1456 871 1844 871 1844 892 1844 892 0 13 0 15
 65535 5 1495 761 1495 761 1495 854 1831 854 1831 892 1831 892 0 13 0 15
 65535 5 1508 631 1538 631 1538 859 1818 859 1818 892 1818 892 0 13 0 15
 65535 5 1469 644 1469 644 1543 644 1543 868 1805 868 1805 892 0 13 0 15
 65535 5 1612 761 1612 761 1612 849 1792 849 1792 892 1792 892 0 13 0 15
 65535 5 1651 761 1651 761 1651 865 1779 865 1779 892 1779 892 0 13 0 15
 0 5 1662 1074 1662 1074 1662 1075 1616 1075 1616 1043 1616 1043 0 15 0 18
 65535 5 1896 905 1896 905 1896 1050 1896 1050 1791 1050 1791 1050 0 15 0 18
 65535 5 1883 905 1883 905 1882 905 1882 1050 1771 1050 1771 1050 0 15 0 18
 65535 5 1870 905 1870 905 1867 905 1867 1050 1751 1050 1751 1050 0 15 0 18
 65535 5 1857 905 1857 905 1854 905 1854 1050 1731 1050 1731 1050 0 15 0 18
 65535 5 1844 905 1844 905 1842 905 1842 1050 1711 1050 1711 1050 0 15 0 18
 65535 5 1831 905 1831 905 1829 905 1829 1050 1691 1050 1691 1050 0 15 0 18
 65535 5 1818 905 1818 905 1815 905 1815 1050 1671 1050 1671 1050 0 15 0 18
 65535 5 1805 944 1805 944 1805 1050 1805 1050 1651 1050 1651 1050 0 15 0 18
 65535 5 1792 944 1792 944 1813 944 1813 1139 1789 1139 1789 1139 0 15 0 19
 65535 5 1779 944 1779 944 1810 944 1810 1139 1769 1139 1769 1139 0 15 0 19
 0 5 1614 1132 1614 1132 1595 1132 1595 1074 1597 1074 1597 1074 0 19 0 15
 0 5 1599 761 1599 769 1558 769 1558 657 1586 657 1586 657 0 13 0 13
 0 5 1625 761 1625 761 1561 761 1561 631 1586 631 1586 631 0 13 0 13
18
 7083 1 16 564 119 5 0 8583336 22159088 7
 7083 1 16 694 119 5 0 8583336 22159088 7
 7004 1 14 485 395 5 0 8583336 22159088 9
 7004 1 14 628 395 5 0 8583336 22159088 9
 7004 1 14 745 395 5 0 8583336 22159088 9
 7083 1 16 537 670 5 0 8583336 22159088 12
 7083 1 16 667 670 5 0 8583336 22159088 12
 7083 1 16 531 945 5 0 16319954 0 14
 7083 1 16 661 945 5 0 16319954 0 14
 7085 1 16 1438 118 5 0 8648872 22362384 10
 7085 1 16 1308 118 5 0 8648872 22362384 10
 7008 1 14 1568 118 5 0 8648872 22362384 10
 7032 1 14 1685 118 5 0 8648872 22362384 10
 7157 1 16 1253 944 5 0 8648872 22362384 15
 7157 1 16 1409 944 5 0 8648872 22362384 15
 7157 1 16 1242 670 5 0 8648872 22362384 13
 7157 1 16 1411 670 5 0 8648872 22362384 13
 7157 1 16 1567 670 5 0 8648872 22362384 13
