Version 0.9.7
14
 4 -2 330 77 128 0 1
 5 80 400 206 81 2 2
 1 110 306 206 81 8 3
 1 107 434 206 81 18 4
 0 388 267 877 276 28 6
 0 386 540 877 276 160 7
 0 386 -10 877 276 292 8
 0 386 815 877 276 424 10
 0 385 1091 877 276 556 11
 0 1266 267 877 276 688 12
 1 1450 159 206 81 844 15
 3 1689 208 203 58 854 16
 3 1685 149 203 58 865 17
 3 1342 645 203 58 874 18
 0
246
 255 5 125 317 125 317 81 317 81 344 59 344 59 344 0 3 0 1
 255 5 59 357 59 357 103 357 103 445 122 445 122 445 0 1 0 4
 0 5 125 375 125 375 122 375 122 404 59 404 59 404 0 3 0 1
 0 5 122 503 122 503 59 503 59 503 59 443 59 443 0 4 0 1
 255 5 441 528 441 528 440 528 440 567 439 567 439 567 0 6 0 7
 0 5 454 515 454 515 455 515 455 554 452 554 452 554 0 6 0 7
 0 5 1206 554 1206 554 1283 554 1283 788 1206 788 1206 788 0 7 0 7
 255 5 1206 567 1206 567 1272 567 1272 801 1206 801 1206 801 0 7 0 7
 8388608 5 166 317 166 317 166 295 506 295 506 333 506 333 0 3 0 6
 16384 5 185 317 185 317 185 291 532 291 532 333 532 333 0 3 0 6
 16512 5 204 317 204 317 204 286 558 286 558 333 558 333 0 3 0 6
 16711680 5 163 471 155 471 155 410 372 410 372 476 493 476 0 4 0 6
 16711680 5 182 471 150 471 150 535 519 535 519 476 519 476 0 4 0 6
 33023 5 201 458 201 458 201 436 374 436 374 476 545 476 0 4 0 6
 33023 5 223 317 223 317 223 281 623 281 623 333 623 333 0 3 0 6
 33023 5 649 333 649 333 649 277 242 277 242 317 242 317 0 6 0 3
 32768 5 610 476 610 476 610 531 328 531 328 458 220 458 0 6 0 4
 255 5 543 749 543 749 543 749 543 801 543 801 543 801 0 7 0 7
 0 5 543 606 543 606 543 606 543 554 543 554 543 554 0 7 0 7
 0 5 699 606 699 606 699 606 699 554 699 554 699 554 0 7 0 7
 255 5 530 567 530 567 530 567 530 606 530 606 530 606 0 7 0 7
 8388608 5 517 606 517 606 517 587 686 587 686 606 686 606 0 7 0 7
 8388863 5 299 343 315 343 315 487 569 487 569 606 569 606 0 3 0 7
 8388863 5 582 749 582 758 329 758 329 345 280 345 280 343 0 7 0 3
 8388863 5 517 749 517 765 329 765 329 349 261 349 261 343 0 7 0 3
 8388863 5 491 749 491 755 332 755 332 346 242 346 242 343 0 7 0 3
 8388863 5 204 343 204 352 341 352 341 759 738 759 738 749 0 3 0 7
 8388863 5 185 343 185 349 346 349 346 755 673 755 673 749 0 3 0 7
 8388863 5 166 343 166 349 351 349 351 765 647 765 647 749 0 3 0 7
 255 5 493 333 493 333 493 333 493 294 493 294 493 294 0 6 0 6
 255 5 610 333 610 333 610 333 610 294 610 294 610 294 0 6 0 6
 255 5 727 333 727 333 727 333 727 294 727 294 727 294 0 6 0 6
 0 5 571 476 571 476 571 476 571 515 571 515 571 515 0 6 0 6
 0 5 688 476 688 476 688 476 688 515 688 515 688 515 0 6 0 6
 0 5 805 476 805 476 805 476 805 515 805 515 805 515 0 6 0 6
 4210816 5 766 476 766 476 766 496 556 496 556 606 556 606 0 6 0 7
 4210816 5 740 476 740 490 627 490 627 740 569 740 569 736 0 6 0 7
 4210816 5 675 476 675 494 634 494 634 739 530 739 530 736 0 6 0 7
 4210816 5 649 476 649 476 649 494 491 494 491 606 491 606 0 6 0 7
 4210816 5 623 476 623 476 623 483 721 483 721 606 712 606 0 6 0 7
 4210816 5 558 476 558 493 620 493 620 749 725 749 725 749 0 6 0 7
 255 5 699 749 699 749 699 749 699 801 699 801 699 801 0 7 0 7
 4210816 5 532 476 532 496 616 496 616 749 686 749 686 749 0 6 0 7
 4210816 5 506 476 506 476 506 492 637 492 637 606 647 606 0 6 0 7
 0 5 454 281 454 281 452 281 452 281 452 238 452 238 0 6 0 8
 255 5 465 251 465 251 465 294 465 294 467 294 467 294 0 8 0 6
 8421376 5 636 476 636 476 636 532 327 532 327 471 239 471 0 6 0 4
 8421376 5 296 471 316 471 316 522 753 522 753 476 753 476 0 4 0 6
 8421376 5 727 476 727 476 727 526 319 526 319 471 277 471 0 6 0 4
 8421376 5 662 476 662 476 662 537 323 537 323 471 258 471 0 6 0 4
 255 5 530 199 530 199 530 199 530 251 530 251 530 251 0 8 0 8
 255 5 699 199 699 199 699 199 699 251 699 251 699 251 0 8 0 8
 0 5 1206 238 1206 238 1267 238 1267 4 1206 4 1206 4 0 8 0 8
 255 5 1206 17 1206 17 1276 17 1276 251 1206 251 1206 251 0 8 0 8
 0 5 530 56 530 56 530 56 530 4 530 4 530 4 0 8 0 8
 0 5 699 56 699 56 699 56 699 4 699 4 699 4 0 8 0 8
 65535 5 296 445 359 445 359 47 556 47 556 56 556 56 0 4 0 8
 65535 5 569 199 569 222 371 222 371 428 277 428 277 445 0 8 0 4
 65535 5 258 445 258 423 369 423 369 218 504 218 504 199 0 4 0 8
 65535 5 239 445 239 419 374 419 374 214 478 214 478 199 0 4 0 8
 65535 5 220 445 151 445 151 408 367 408 367 56 725 56 0 4 0 8
 65535 5 201 445 158 445 158 421 359 421 359 199 738 199 0 4 0 8
 65535 5 182 445 165 445 165 406 353 406 353 199 673 199 0 4 0 8
 65535 5 163 445 159 445 159 414 361 414 361 199 647 199 0 4 0 8
 16711680 5 779 333 779 333 779 36 543 36 543 56 543 56 0 6 0 8
 16711680 5 753 333 753 333 753 220 556 220 556 199 556 199 0 6 0 8
 16711680 5 688 333 701 333 701 259 517 259 517 199 517 199 0 6 0 8
 16711680 5 662 333 637 333 637 43 478 43 478 56 478 56 0 6 0 8
 16711680 5 636 333 636 333 636 50 712 50 712 56 712 56 0 6 0 8
 16711680 5 571 333 571 333 571 254 725 254 725 199 725 199 0 6 0 8
 16711680 5 545 333 545 333 545 270 686 270 686 199 686 199 0 6 0 8
 16711680 5 519 333 519 268 625 268 625 40 647 40 647 56 0 6 0 8
 255 5 517 56 517 56 517 56 517 17 517 17 517 17 0 8 0 8
 0 5 961 476 961 476 961 476 961 515 961 515 961 515 0 6 0 6
 0 5 1104 476 1104 476 1104 476 1104 515 1104 515 1104 515 0 6 0 6
 255 5 1013 333 1013 333 1012 333 1012 331 1013 294 1013 294 0 6 0 6
 255 5 870 294 870 294 870 294 870 333 870 333 870 333 0 6 0 6
 10485760 5 883 346 883 346 883 318 1026 318 1026 346 1026 346 0 6 0 6
 0 5 1026 333 1026 333 1026 333 1026 281 1026 281 1026 281 0 6 0 6
 8421440 5 582 606 582 606 582 540 883 540 883 476 883 476 0 7 0 6
 8421440 5 556 723 556 723 637 723 637 496 922 496 922 476 0 7 0 6
 8421440 5 504 736 504 736 843 736 843 310 935 310 935 333 0 7 0 6
 8421440 5 738 606 738 606 738 579 1026 579 1026 476 1026 476 0 7 0 6
 8421440 5 712 723 712 723 852 723 852 587 1065 587 1065 476 0 7 0 6
 8421440 5 660 710 660 714 980 714 980 312 1078 312 1078 333 0 7 0 6
 8421440 5 660 606 660 571 991 571 991 320 1039 320 1039 333 0 7 0 6
 4227072 5 569 56 569 43 813 43 813 486 896 486 896 476 0 8 0 6
 4227072 5 543 199 543 216 818 216 818 490 935 490 935 476 0 8 0 6
 65280 5 491 199 491 199 491 213 824 213 824 333 948 333 0 8 0 6
 4227327 5 504 56 504 56 504 44 686 44 686 56 686 56 0 8 0 8
 65280 5 896 346 825 346 825 566 504 566 504 606 504 606 0 6 0 7
 65280 5 491 56 491 31 828 31 828 346 909 346 909 346 0 8 0 6
 65280 5 738 56 738 38 837 38 837 481 1039 481 1039 476 0 8 0 6
 65280 5 712 199 822 199 822 491 1078 491 1078 476 1078 476 0 8 0 6
 65280 5 660 199 660 216 824 216 824 306 1091 306 1091 333 0 8 0 6
 65280 5 660 56 834 56 834 317 1052 317 1052 333 1052 333 0 8 0 6
 16711680 5 766 333 766 333 766 264 299 264 299 317 299 317 0 6 0 3
 8388863 5 740 333 740 333 740 269 280 269 280 317 280 317 0 6 0 3
 65535 5 675 333 675 333 675 273 261 273 261 317 261 317 0 6 0 3
 4227327 5 166 330 166 330 149 330 149 862 413 862 413 881 0 3 0 10
 4227327 5 185 330 150 330 150 852 426 852 426 881 426 881 0 3 0 10
 4227327 5 204 330 204 330 149 330 149 857 439 857 439 881 0 3 0 10
 4227327 5 452 881 452 863 149 863 149 330 223 330 223 330 0 10 0 3
 4227327 5 242 330 148 330 148 859 465 859 465 881 465 881 0 3 0 10
 4227327 5 261 330 147 330 147 851 478 851 478 881 478 881 0 3 0 10
 4227327 5 280 330 280 330 148 330 148 856 491 856 491 881 0 3 0 10
 4227327 5 299 330 150 330 150 850 504 850 504 881 504 881 0 3 0 10
 8388608 5 163 458 163 458 152 458 152 968 413 968 413 972 0 4 0 10
 8388608 5 182 458 151 458 151 964 426 964 426 972 426 972 0 4 0 10
 8388608 5 439 972 439 960 147 960 147 471 201 471 201 471 0 10 0 4
 8388608 5 220 471 151 471 151 955 452 955 452 972 452 972 0 4 0 10
 8388608 5 239 458 145 458 145 951 465 951 465 972 465 972 0 4 0 10
 8388608 5 478 972 478 946 147 946 147 458 258 458 258 458 0 10 0 4
 8388608 5 491 972 491 941 148 941 148 458 277 458 277 458 0 10 0 4
 8388608 5 504 972 504 941 151 941 151 458 296 458 296 458 0 10 0 4
 0 5 1206 829 1206 829 1281 829 1281 1063 1206 1063 1206 1063 0 10 0 10
 255 5 1206 842 1206 842 1268 842 1268 1076 1206 1076 1206 1076 0 10 0 10
 255 5 452 801 452 801 452 801 452 842 452 842 452 842 0 7 0 10
 255 5 452 1076 452 1076 452 1076 452 1118 451 1118 451 1118 0 10 0 11
 255 5 1205 1118 1205 1118 1270 1118 1270 1352 1205 1352 1205 1352 0 11 0 11
 0 5 1205 1105 1205 1105 1281 1105 1281 1339 1205 1339 1205 1339 0 11 0 11
 0 5 439 1063 439 1063 439 1105 439 1105 438 1105 438 1105 0 10 0 11
 0 5 439 788 439 788 439 788 439 829 439 829 439 829 0 7 0 10
 0 5 751 1024 751 1024 751 1024 751 1063 751 1063 751 1063 0 10 0 10
 0 5 907 1024 907 1024 907 1024 907 1063 907 1063 907 1063 0 10 0 10
 255 5 660 881 660 881 660 881 660 842 660 842 660 842 0 10 0 10
 255 5 816 881 816 881 816 881 816 842 816 842 816 842 0 10 0 10
 4210816 5 504 894 504 894 504 887 738 887 738 881 738 881 0 10 0 10
 4210816 5 491 894 491 894 491 891 712 891 712 881 712 881 0 10 0 10
 4210816 5 478 894 478 894 478 890 699 890 699 881 699 881 0 10 0 10
 4210816 5 465 894 465 894 673 894 673 894 673 881 673 881 0 10 0 10
 4210816 5 504 985 504 985 576 985 576 870 751 870 751 881 0 10 0 10
 4210816 5 491 985 491 985 491 989 581 989 581 881 725 881 0 10 0 10
 4210816 5 478 985 478 985 587 985 587 881 686 881 686 881 0 10 0 10
 4210816 5 465 1024 465 1024 465 1038 660 1038 660 1024 660 1024 0 10 0 10
 128 5 452 894 452 894 452 863 894 863 894 881 894 881 0 10 0 10
 128 5 439 894 439 894 439 898 868 898 868 881 868 881 0 10 0 10
 128 5 426 894 426 894 426 897 855 897 855 881 855 881 0 10 0 10
 128 5 413 894 413 894 413 898 829 898 829 881 829 881 0 10 0 10
 128 5 452 985 452 993 789 993 789 871 907 871 907 881 0 10 0 10
 128 5 439 985 439 994 793 994 793 881 881 881 881 881 0 10 0 10
 128 5 426 985 426 993 796 993 796 881 842 881 842 881 0 10 0 10
 128 5 413 985 403 985 403 1043 816 1043 816 1024 816 1024 0 10 0 10
 255 5 972 881 972 881 972 881 972 842 972 842 972 842 0 10 0 10
 255 5 1089 881 1089 881 1089 881 1089 842 1089 842 1089 842 0 10 0 10
 0 5 1050 1024 1050 1024 1050 1024 1050 1063 1050 1063 1050 1063 0 10 0 10
 0 5 1167 1024 1167 1024 1167 1024 1167 1063 1167 1063 1167 1063 0 10 0 10
 8454143 5 738 1024 738 1024 738 1037 972 1037 972 1024 972 1024 0 10 0 10
 8454143 5 881 1024 881 1024 881 1044 985 1044 985 1024 985 1024 0 10 0 10
 4259584 5 998 1024 998 1024 998 1036 1089 1036 1089 1024 1089 1024 0 10 0 10
 4259584 5 894 1024 894 1024 894 1050 1102 1050 1102 1024 1102 1024 0 10 0 10
 16744703 5 1115 1024 1115 1024 1275 1024 1275 497 1013 497 1013 476 0 10 0 6
 16744703 5 1115 1011 1270 1011 1270 494 870 494 870 476 870 476 0 10 0 6
 255 5 542 1300 542 1300 542 1300 542 1352 542 1352 542 1352 0 11 0 11
 255 5 685 1300 685 1300 682 1300 682 1352 685 1352 685 1352 0 11 0 11
 0 5 542 1157 542 1157 542 1157 542 1105 542 1105 542 1105 0 11 0 11
 0 5 685 1157 685 1157 685 1157 685 1105 685 1105 685 1105 0 11 0 11
 16776960 5 516 1157 516 1157 516 1146 672 1146 672 1157 672 1157 0 11 0 11
 12615680 5 504 907 524 907 524 1141 568 1141 568 1157 568 1157 0 10 0 11
 12615680 5 491 907 491 903 600 903 600 1300 581 1300 581 1300 0 10 0 11
 12615680 5 478 907 609 907 609 1306 516 1306 516 1300 516 1300 0 10 0 11
 12615680 5 465 907 465 907 605 907 605 1308 490 1308 490 1300 0 10 0 11
 12615680 5 452 907 614 907 614 1140 711 1140 711 1157 711 1157 0 10 0 11
 12615680 5 439 907 611 907 611 1306 724 1306 724 1300 724 1300 0 10 0 11
 12615680 5 426 907 426 907 599 907 599 1308 659 1308 659 1300 0 10 0 11
 12615680 5 413 907 413 907 594 907 594 1308 633 1308 633 1300 0 10 0 11
 12615808 5 504 998 600 998 600 1143 555 1143 555 1157 555 1157 0 10 0 11
 12615808 5 491 998 602 998 602 1314 568 1314 568 1300 568 1300 0 10 0 11
 12615808 5 478 998 478 998 478 1314 529 1314 529 1300 529 1300 0 10 0 11
 12615808 5 465 998 465 998 465 1157 465 1157 490 1157 490 1157 0 10 0 11
 12615808 5 452 998 465 998 465 1143 698 1143 698 1157 698 1157 0 10 0 11
 12615808 5 439 998 430 998 430 1319 711 1319 711 1300 711 1300 0 10 0 11
 12615808 5 426 998 426 998 426 1314 672 1314 672 1300 672 1300 0 10 0 11
 12615808 5 413 998 413 998 413 1139 633 1139 633 1157 633 1157 0 10 0 11
 255 5 2086 294 2086 294 2105 294 2105 528 2086 528 2086 528 0 12 0 12
 0 5 2086 281 2086 281 2086 281 2086 515 2086 515 2086 515 0 12 0 12
 0 5 1208 281 1208 281 1208 281 1319 281 1319 281 1319 281 0 6 0 12
 0 5 1319 515 1319 515 1319 515 1208 515 1208 515 1208 515 0 12 0 6
 255 5 1208 294 1208 294 1208 294 1319 294 1319 294 1319 294 0 6 0 12
 255 5 1208 528 1208 528 1208 528 1319 528 1319 528 1319 528 0 6 0 12
 0 5 1449 476 1449 476 1449 476 1449 515 1449 515 1449 515 0 12 0 12
 0 5 1605 476 1605 476 1605 476 1605 515 1605 515 1605 515 0 12 0 12
 0 5 1761 476 1761 476 1761 476 1761 515 1761 515 1761 515 0 12 0 12
 255 5 1358 333 1358 333 1358 333 1358 294 1358 294 1358 294 0 12 0 12
 255 5 1514 333 1514 333 1514 333 1514 294 1514 294 1514 294 0 12 0 12
 255 5 1670 333 1670 333 1670 333 1670 294 1670 294 1670 294 0 12 0 12
 0 5 1683 333 1683 333 1683 333 1683 294 1683 294 1683 294 0 12 0 12
 16711680 5 1371 346 1371 346 1371 316 1527 316 1527 346 1527 346 0 12 0 12
 16711680 5 1527 359 1527 359 1527 317 1683 317 1683 359 1683 359 0 12 0 12
 255 5 1465 170 1465 219 68 219 68 383 59 383 59 383 0 15 0 1
 0 5 1465 228 1465 228 91 228 91 430 59 430 59 430 0 15 0 1
 16711680 5 909 476 909 476 909 489 1384 489 1384 476 1384 476 0 6 0 12
 16711680 5 948 476 948 476 948 493 1423 493 1423 476 1423 476 0 6 0 12
 16711680 5 961 333 961 333 961 320 1436 320 1436 333 1436 333 0 6 0 12
 16711680 5 922 333 922 333 922 324 1397 324 1397 333 1397 333 0 6 0 12
 4194304 5 1052 476 1052 476 1052 495 1540 495 1540 476 1540 476 0 6 0 12
 4194304 5 1091 476 1091 476 1091 502 1578 502 1578 476 1579 476 0 6 0 12
 4194304 5 1104 333 1104 333 1104 322 1592 322 1592 333 1592 333 0 6 0 12
 4194304 5 1065 333 1065 333 1065 327 1553 327 1553 333 1553 333 0 6 0 12
 4227327 5 581 1157 581 1157 581 1146 1232 1146 1232 749 1232 749 0 11 0 7
 4227327 5 555 1300 555 1300 555 1308 1219 1308 1219 749 1219 749 0 11 0 7
 4227327 5 503 1300 503 1300 503 1309 1206 1309 1206 749 1206 749 0 11 0 7
 4227327 5 503 1157 503 1157 503 1141 1193 1141 1193 749 1193 749 0 11 0 7
 4227327 5 724 1157 724 1157 724 1139 1180 1139 1180 749 1180 749 0 11 0 7
 4227327 5 698 1300 698 1300 698 1309 1167 1309 1167 749 1167 749 0 11 0 7
 4227327 5 646 1300 646 1300 646 1311 1154 1311 1154 749 1154 749 0 11 0 7
 4227327 5 646 1157 646 1157 646 1136 1141 1136 1141 749 1141 749 0 11 0 7
 4227327 5 659 1157 659 1157 659 1133 1128 1133 1128 749 1128 749 0 11 0 7
 4227327 5 1232 697 1232 697 1232 489 1371 489 1371 476 1371 476 0 7 0 12
 4227327 5 1219 697 1219 697 1219 488 1410 488 1410 476 1410 476 0 7 0 12
 4227327 5 1206 697 1206 697 1206 322 1423 322 1423 333 1423 333 0 7 0 12
 4227327 5 1193 697 1193 697 1193 323 1384 323 1384 333 1384 333 0 7 0 12
 4227327 5 1180 697 1180 697 1180 499 1527 499 1527 476 1527 476 0 7 0 12
 4227327 5 1167 697 1167 697 1167 495 1566 495 1566 476 1566 476 0 7 0 12
 4227327 5 1154 697 1154 697 1154 319 1579 319 1579 333 1579 333 0 7 0 12
 4227327 5 1141 697 1141 697 1141 314 1540 314 1540 333 1540 333 0 7 0 12
 4227327 5 1128 697 1128 697 1128 498 1683 498 1683 476 1683 476 0 7 0 12
 16777088 5 1506 196 1506 196 1474 196 1474 488 1358 488 1358 476 0 15 0 12
 16777088 5 1506 183 1506 183 1472 183 1472 488 1514 488 1514 476 0 15 0 12
 16777088 5 1506 170 1506 170 1475 170 1475 484 1670 484 1670 476 0 15 0 12
 16711808 5 1115 998 1115 998 1296 998 1296 495 1735 495 1735 476 0 10 0 12
 0 5 1700 245 1700 245 1696 245 1696 245 1696 281 1696 281 0 16 0 12
 65535 5 1397 476 1397 476 1397 493 1875 493 1875 252 1875 252 0 12 0 16
 65535 5 1436 476 1436 476 1436 491 1855 491 1855 252 1855 252 0 12 0 16
 65535 5 1449 333 1449 333 1449 313 1835 313 1835 252 1835 252 0 12 0 16
 65535 5 1410 333 1410 333 1410 321 1815 321 1815 252 1815 252 0 12 0 16
 65535 5 1553 476 1553 476 1553 499 1795 499 1795 252 1795 252 0 12 0 16
 65535 5 1592 476 1592 476 1592 491 1775 491 1775 252 1775 252 0 12 0 16
 65535 5 1605 333 1605 333 1605 317 1755 317 1755 252 1755 252 0 12 0 16
 65535 5 1566 333 1566 333 1566 320 1735 320 1735 252 1735 252 0 12 0 16
 0 5 1696 186 1696 186 1683 186 1683 186 1683 281 1683 281 0 17 0 12
 16711680 5 1696 476 1696 488 1640 488 1640 372 1683 372 1683 372 0 12 0 12
 16711680 5 1722 476 1722 489 1639 489 1639 346 1683 346 1683 346 0 12 0 12
 8454143 5 1709 476 1709 487 1894 487 1894 193 1871 193 1871 193 0 12 0 17
 8454143 5 1748 476 1748 476 1899 476 1899 212 1731 212 1731 193 0 12 0 17
 0 5 439 4 439 4 79 4 79 417 59 417 59 417 0 8 0 1
 255 5 59 370 59 370 59 17 59 17 439 17 439 17 0 1 0 8
 255 5 1232 736 1232 736 1528 736 1528 736 1528 689 1528 689 0 7 0 18
 255 5 1508 689 1508 689 1508 742 1219 742 1219 736 1219 736 0 18 0 7
 255 5 1206 736 1206 736 1488 736 1488 736 1488 689 1488 689 0 7 0 18
 255 5 1193 736 1193 736 1468 736 1468 736 1468 689 1468 689 0 7 0 18
 255 5 1180 736 1180 736 1448 736 1448 736 1448 689 1448 689 0 7 0 18
 255 5 1167 736 1167 736 1428 736 1428 736 1428 689 1428 689 0 7 0 18
 255 5 1154 736 1154 736 1408 736 1408 736 1408 689 1408 689 0 7 0 18
 255 5 1353 682 1353 682 1353 788 1353 788 1180 788 1180 788 0 18 0 7
 255 5 725 606 725 525 341 525 341 343 223 343 223 343 0 7 0 3
18
 7004 1 14 487 385 5 0 8583336 21832400 6
 7004 1 14 604 385 5 0 8583336 21832400 6
 7004 1 14 721 385 5 0 8583336 21832400 6
 7083 1 16 485 658 5 0 8583336 21832400 7
 7083 1 16 641 658 5 0 8583336 21832400 7
 7083 1 16 472 108 5 0 8583336 21832400 8
 7083 1 16 641 108 5 0 8583336 21832400 8
 7157 1 16 864 385 5 0 8583336 21832400 6
 7157 1 16 1007 385 5 0 8583336 21832400 6
 7085 1 16 654 933 5 0 8583336 21832400 10
 7085 1 16 810 933 5 0 8583336 21832400 10
 7008 1 14 966 933 5 0 8583336 21832400 10
 7032 1 14 1083 933 5 0 8583336 21832400 10
 7083 1 16 484 1209 5 0 8583336 21832400 11
 7083 1 16 627 1209 5 0 8583336 21832400 11
 7157 1 16 1352 385 5 0 8583336 21832400 12
 7157 1 16 1508 385 5 0 8583336 23977712 12
 7157 1 16 1664 385 5 0 8583336 23977712 12
